=== 1 Process ===

sbatch --qos=class -J t1 --begin=2020-11-09T19:33:17 --requeue --mail-user=ja0081@uah.edu -o t1.o536237 -t 12:00:00 -N 1-1 -n 1 --mem-per-cpu=1000mb --constraint=dmc 
Temperature Matrix Including Boundary Points
   20    20    20    20   100   100   100   100    20    20    20    20 
   20 23.0449 27.7923 38.0503 65.7797 74.2339 74.2339 65.7797 38.0503 27.7923 23.0449    20 
   20 24.3908 30.0811 38.6389 50.8462 56.9348 56.9348 50.8462 38.6389 30.0811 24.3908    20 
   20 24.4443 29.5155 35.5967 42.0539 45.7487 45.7487 42.0539 35.5967 29.5155 24.4443    20 
   20 23.8805 27.9585 32.2045 36.0551 38.2915 38.2915 36.0551 32.2045 27.9585 23.8805    20 
   20 23.1308 26.256 29.2389 31.708 33.1116 33.1116 31.708 29.2389 26.256 23.1308    20 
   20 22.3992 24.72 26.8211 28.4674 29.3796 29.3796 28.4674 26.8211 24.72 22.3992    20 
   20 21.7587 23.4279 24.8919 26.0015 26.6042 26.6042 26.0015 24.8919 23.4279 21.7587    20 
   20 21.2191 22.3633 23.3482 24.08 24.4721 24.4721 24.08 23.3482 22.3633 21.2191    20 
   20 20.764 21.4766 22.0833 22.529 22.766 22.766 22.529 22.0833 21.4766 20.764    20 
   20 20.3673 20.7087 20.9979 21.2091 21.3208 21.3208 21.2091 20.9979 20.7087 20.3673    20 
   20    20    20    20    20    20    20    20    20    20    20    20 
Execution Time = 4.79221e-05 Seconds

=== 2 Processes ===

sbatch --qos=class -J t2 --begin=2020-11-09T19:34:21 --requeue --mail-user=ja0081@uah.edu -o t2.o536238 -t 12:00:00 -N 1-1 -n 2 --mem-per-cpu=1000mb --constraint=dmc 
Temperature Matrix Including Boundary Points
   20    20    20    20   100   100   100   100    20    20    20    20 
   20 23.0449 27.7923 38.0503 65.7797 74.2339 74.2339 65.7797 38.0503 27.7923 23.0449    20 
   20 24.3908 30.0811 38.6389 50.8462 56.9348 56.9348 50.8462 38.6389 30.0811 24.3908    20 
   20 24.4443 29.5155 35.5967 42.0539 45.7487 45.7487 42.0539 35.5967 29.5155 24.4443    20 
   20 23.8805 27.9585 32.2045 36.0551 38.2915 38.2915 36.0551 32.2045 27.9585 23.8805    20 
   20 23.1308 26.256 29.2389 31.708 33.1116 33.1116 31.708 29.2389 26.256 23.1308    20 
   20 22.3992 24.72 26.8211 28.4674 29.3796 29.3796 28.4674 26.8211 24.72 22.3992    20 
   20 21.7587 23.4279 24.8919 26.0015 26.6042 26.6042 26.0015 24.8919 23.4279 21.7587    20 
   20 21.2191 22.3633 23.3482 24.08 24.4721 24.4721 24.08 23.3482 22.3633 21.2191    20 
   20 20.764 21.4766 22.0833 22.529 22.766 22.766 22.529 22.0833 21.4766 20.764    20 
   20 20.3673 20.7087 20.9979 21.2091 21.3208 21.3208 21.2091 20.9979 20.7087 20.3673    20 
   20    20    20    20    20    20    20    20    20    20    20    20 
Execution Time = 0.000249863 Seconds


=== 3 Processes ===


sbatch --qos=class -J t3 --begin=2020-11-09T19:35:28 --requeue --mail-user=ja0081@uah.edu -o t3.o536239 -t 12:00:00 -N 1-1 -n 3 --mem-per-cpu=1000mb --constraint=dmc 
Temperature Matrix Including Boundary Points
   20    20    20    20   100   100   100   100    20    20    20    20 
   20 23.0499 27.8019 38.0637 65.7958 74.2515 74.2515 65.7958 38.0637 27.8019 23.0499    20 
   20 24.4017 30.102 38.6682 50.8814 56.9731 56.9731 50.8814 38.6682 30.102 24.4017    20 
   20 24.4631 29.5515 35.6471 42.1145 45.8147 45.8147 42.1145 35.6471 29.5515 24.4631    20 
   20 23.9103 28.0158 32.2846 36.1515 38.3964 38.3964 36.1515 32.2846 28.0158 23.9103    20 
   20 23.1765 26.3437 29.3616 31.8557 33.2722 33.2722 31.8557 29.3616 26.3437 23.1765    20 
   20 22.4676 24.8512 27.0046 28.6883 29.6201 29.6201 28.6883 27.0046 24.8512 22.4676    20 
   20 21.8592 23.6209 25.1618 26.3265 26.958 26.958 26.3265 25.1618 23.6209 21.8592    20 
   20 21.3647 22.6428 23.7392 24.551 24.985 24.985 24.551 23.7392 22.6428 21.3647    20 
   20 20.9719 21.876 22.6424 23.2028 23.4997 23.4997 23.2028 22.6424 21.876 20.9719    20 
   20 20.6605 21.2723 21.7874 22.1613 22.3582 22.3582 22.1613 21.7874 21.2723 20.6605    20 
   20 20.4084 20.7859 21.1024 21.3311 21.4512 21.4512 21.3311 21.1024 20.7859 20.4084    20 
   20 20.1948 20.3746 20.5251 20.6336 20.6905 20.6905 20.6336 20.5251 20.3746 20.1948    20 
   20    20    20    20    20    20    20    20    20    20    20    20 
Execution Time = 0.000303984 Seconds

=== 4 Processes ===

sbatch --qos=class -J t4 --begin=2020-11-09T19:39:15 --requeue --mail-user=ja0081@uah.edu -o t4.o536240 -t 12:00:00 -N 1-1 -n 4 --mem-per-cpu=1000mb --constraint=dmc 
Temperature Matrix Including Boundary Points
   20    20    20    20   100   100   100   100    20    20    20    20 
   20 23.0499 27.8019 38.0637 65.7958 74.2515 74.2515 65.7958 38.0637 27.8019 23.0499    20 
   20 24.4017 30.102 38.6682 50.8814 56.9731 56.9731 50.8814 38.6682 30.102 24.4017    20 
   20 24.4631 29.5515 35.6471 42.1145 45.8147 45.8147 42.1145 35.6471 29.5515 24.4631    20 
   20 23.9103 28.0158 32.2846 36.1515 38.3964 38.3964 36.1515 32.2846 28.0158 23.9103    20 
   20 23.1765 26.3437 29.3616 31.8557 33.2722 33.2722 31.8557 29.3616 26.3437 23.1765    20 
   20 22.4676 24.8512 27.0046 28.6883 29.6201 29.6201 28.6883 27.0046 24.8512 22.4676    20 
   20 21.8592 23.6209 25.1618 26.3265 26.958 26.958 26.3265 25.1618 23.6209 21.8592    20 
   20 21.3647 22.6428 23.7392 24.551 24.985 24.985 24.551 23.7392 22.6428 21.3647    20 
   20 20.9719 21.876 22.6424 23.2028 23.4997 23.4997 23.2028 22.6424 21.876 20.9719    20 
   20 20.6605 21.2723 21.7874 22.1613 22.3582 22.3582 22.1613 21.7874 21.2723 20.6605    20 
   20 20.4084 20.7859 21.1024 21.3311 21.4512 21.4512 21.3311 21.1024 20.7859 20.4084    20 
   20 20.1948 20.3746 20.5251 20.6336 20.6905 20.6905 20.6336 20.5251 20.3746 20.1948    20 
   20    20    20    20    20    20    20    20    20    20    20    20 
Execution Time = 0.000483036 Seconds