ja0081@jetson:~/jetson/analysis/2dserial$ ./heat_2d_serial 16 20
Temperature Matrix Including Boundary Points
   20    20    20    20    20   100   100   100   100   100   100   100    20    20    20    20    20    20
   20 20.9556 22.6611 26.4698 36.2553 64.0565 73.7309 77.2023 78.1359 77.2024 73.7315 64.0586 36.2629 26.4913 22.7251 21.1168 20.4078    20
   20 21.368 23.5042 27.6068 35.139 47.3151 54.6619 58.2986 59.2883 58.2988 54.6627 47.3188 35.1499 27.643 23.5992 21.6232 20.596    20
   20 21.2468 23.1126 26.1059 30.8892 36.8532 41.4713 43.9759 44.8513 43.9761 41.4723 36.8563 30.9015 26.1399 23.2139 21.4915 20.5896    20
   20 20.9322 22.1775 24.1452 26.7889 29.9651 32.464 34.098 34.5548 34.0982 32.4646 29.9679 26.7973 24.1745 22.2521 21.1307 20.4358    20
   20 20.5676 21.3515 22.4059 23.8824 25.4145 26.8109 27.6234 27.9663 27.6234 26.8114 25.4159 23.8885 22.4227 21.4036 20.6891 20.2881    20
   20 20.3179 20.7059 21.2873 21.9631 22.7598 23.3824 23.8509 23.965 23.851 23.3825 22.7607 21.9657 21.2976 20.7318 20.3894 20.1513    20
   20 20.1462 20.3469 20.5897 20.9303 21.2511 21.5715 21.7482 21.8389 21.7482 21.5716 21.2514 20.9318 20.5937 20.3605 20.1776 20.0769    20
   20 20.0652 20.1403 20.257 20.3798 20.5332 20.6449 20.74 20.7575 20.74 20.6449 20.5334 20.3802 20.2588 20.145 20.0795 20.0299    20
   20 20.0227 20.0556 20.0923 20.1478 20.1954 20.2481 20.274 20.2906 20.274 20.2481 20.1954 20.1479 20.0928 20.0576 20.0272 20.0121    20
   20 20.0081 20.0171 20.0326 20.0474 20.068 20.0815 20.0947 20.0962 20.0947 20.0815 20.068 20.0474 20.0327 20.0175 20.0097 20.0034    20
   20 20.0021 20.0054 20.0089 20.0148 20.0194 20.0252 20.0277 20.0297 20.0277 20.0252 20.0194 20.0149 20.0089 20.0056 20.0024 20.0011    20
   20 20.0006 20.0012 20.0025 20.0036 20.0054 20.0064 20.0076 20.0076 20.0076 20.0064 20.0054 20.0036 20.0025 20.0012 20.0007 20.0002    20
   20 20.0001 20.0003 20.0005 20.0009 20.0011 20.0015 20.0017 20.0018 20.0017 20.0015 20.0011 20.0009 20.0005 20.0003 20.0001    20    20
   20    20    20 20.0001 20.0001 20.0002 20.0003 20.0003 20.0003 20.0003 20.0003 20.0002 20.0001 20.0001    20    20    20    20
   20    20    20    20    20    20 20.0001 20.0001 20.0001 20.0001 20.0001    20    20    20    20    20    20    20
   20    20    20    20    20    20    20    20    20    20    20    20    20    20    20    20    20    20
   20    20    20    20    20    20    20    20    20    20    20    20    20    20    20    20    20    20
Execution Time = 3.5e-05 Seconds