Temperature Matrix Including Boundary Points
20.0000 20.0000 20.0000 20.0000 20.0000 20.0000 20.0000 20.0000 20.0000 20.0000 100.0000 100.0000 100.0000 100.0000 100.0000 100.0000 100.0000 100.0000 100.0000 100.0000 100.0000 100.0000 100.0000 20.0000 20.0000 20.0000 20.0000 20.0000 20.0000 20.0000 20.0000 20.0000 20.0000 20.0000
20.0000 20.0976 20.2262 20.4314 20.7727 21.3768 22.4648 24.5671 28.9661 39.4060 67.9693 78.4018 82.7825 84.8507 85.8741 86.3666 86.5072 86.3666 85.8741 84.8507 82.7825 78.4018 67.9694 39.4061 28.9663 24.5675 22.4656 21.3787 20.7766 20.4393 20.2414 20.1268 20.0535 20.0000
20.0000 20.1753 20.4089 20.7643 21.3586 22.3468 24.0485 26.9705 32.0951 40.8905 54.3477 63.1290 68.2216 71.0791 72.6682 73.4519 73.7006 73.4519 72.6682 71.0791 68.2216 63.1290 54.3478 40.8907 32.0954 26.9712 24.0501 22.3502 21.3658 20.7785 20.4371 20.2280 20.0982 20.0000
20.0000 20.2246 20.5133 20.9576 21.6550 22.7968 24.6064 27.4867 31.8672 38.1683 45.8517 52.1353 56.4726 59.2738 60.9353 61.8285 62.0920 61.8285 60.9353 59.2738 56.4726 52.1354 45.8518 38.1685 31.8676 27.4877 24.6084 22.8014 21.6642 20.9766 20.5495 20.2937 20.1250 20.0000
20.0000 20.2380 20.5469 20.9944 21.7011 22.7771 24.4351 26.8444 30.2417 34.5826 39.4700 43.7909 47.1436 49.4639 50.9704 51.7776 52.0508 51.7776 50.9704 49.4639 47.1436 43.7909 39.4701 34.5828 30.2421 26.8454 24.4374 22.7820 21.7115 21.0148 20.5871 20.3121 20.1362 20.0000
20.0000 20.2275 20.5108 20.9287 21.5429 22.4808 23.8199 25.7133 28.1693 31.1713 34.3672 37.3509 39.7615 41.5739 42.7638 43.4603 43.6674 43.4603 42.7638 41.5739 39.7615 37.3509 34.3673 31.1715 28.1698 25.7144 23.8221 22.4858 21.5529 20.9491 20.5492 20.3002 20.1292 20.0000
20.0000 20.1953 20.4427 20.7836 21.2972 22.0238 23.0666 24.4358 26.1890 28.1992 30.3496 32.3425 34.0581 35.3527 36.2725 36.7856 36.9703 36.7856 36.2725 35.3527 34.0581 32.3425 30.3497 28.1994 26.1894 24.4367 23.0687 22.0282 21.3064 20.8014 20.4775 20.2586 20.1145 20.0000
20.0000 20.1586 20.3503 20.6241 21.0047 21.5601 22.2979 23.2805 24.4560 25.8194 27.2136 28.5637 29.7065 30.6321 31.2663 31.6601 31.7745 31.6601 31.2663 30.6321 29.7065 28.5638 27.2136 25.8195 24.4563 23.2813 22.2996 21.5638 21.0121 20.6392 20.3784 20.2112 20.0918 20.0000
20.0000 20.1181 20.2651 20.4593 20.7432 21.1232 21.6483 22.2961 23.0940 23.9634 24.8875 25.7460 26.5207 27.1224 27.5740 27.8279 27.9253 27.8279 27.5740 27.1224 26.5207 25.7460 24.8876 23.9635 23.0943 22.2967 21.6497 21.1260 20.7491 20.4706 20.2872 20.1576 20.0707 20.0000
20.0000 20.0850 20.1853 20.3257 20.5125 20.7786 21.1148 21.5512 22.0488 22.6180 23.1861 23.7481 24.2276 24.6334 24.9140 25.0966 25.1469 25.0966 24.9140 24.6334 24.2276 23.7481 23.1861 22.6181 22.0490 21.5516 21.1158 20.7807 20.5166 20.3342 20.2009 20.1140 20.0498 20.0000
20.0000 20.0564 20.1259 20.2146 20.3425 20.5066 20.7300 20.9940 21.3156 21.6547 22.0177 22.3514 22.6618 22.9033 23.0920 23.1966 23.2397 23.1966 23.0920 22.9033 22.6618 22.3514 22.0177 21.6548 21.3158 20.9943 20.7307 20.5080 20.3454 20.2202 20.1368 20.0757 20.0343 20.0000
20.0000 20.0366 20.0790 20.1380 20.2136 20.3207 20.4508 20.6188 20.8039 21.0163 21.2236 21.4328 21.6099 21.7648 21.8709 21.9430 21.9613 21.9430 21.8709 21.7648 21.6099 21.4328 21.2236 21.0163 20.8040 20.6190 20.4512 20.3216 20.2155 20.1417 20.0859 20.0494 20.0216 20.0000
20.0000 20.0219 20.0488 20.0823 20.1304 20.1902 20.2715 20.3644 20.4781 20.5947 20.7214 20.8358 20.9452 21.0292 21.0972 21.1339 21.1502 21.1339 21.0972 21.0292 20.9452 20.8358 20.7214 20.5947 20.4782 20.3645 20.2718 20.1907 20.1316 20.0845 20.0532 20.0295 20.0135 20.0000
20.0000 20.0130 20.0277 20.0484 20.0740 20.1106 20.1536 20.2095 20.2694 20.3389 20.4053 20.4738 20.5307 20.5821 20.6165 20.6410 20.6466 20.6410 20.6165 20.5821 20.5307 20.4738 20.4053 20.3389 20.2694 20.2096 20.1537 20.1109 20.0747 20.0497 20.0302 20.0175 20.0076 20.0000
20.0000 20.0070 20.0157 20.0262 20.0415 20.0599 20.0852 20.1133 20.1482 20.1831 20.2217 20.2559 20.2894 20.3146 20.3357 20.3467 20.3520 20.3467 20.3357 20.3146 20.2894 20.2559 20.2217 20.1831 20.1483 20.1134 20.0853 20.0600 20.0418 20.0269 20.0171 20.0094 20.0044 20.0000
20.0000 20.0038 20.0081 20.0141 20.0214 20.0320 20.0441 20.0602 20.0768 20.0966 20.1150 20.1344 20.1502 20.1649 20.1745 20.1816 20.1831 20.1816 20.1745 20.1649 20.1502 20.1344 20.1150 20.0966 20.0768 20.0602 20.0442 20.0321 20.0216 20.0145 20.0088 20.0051 20.0022 20.0000
20.0000 20.0019 20.0042 20.0069 20.0110 20.0158 20.0226 20.0298 20.0391 20.0480 20.0582 20.0669 20.0758 20.0823 20.0879 20.0907 20.0922 20.0907 20.0879 20.0823 20.0758 20.0669 20.0582 20.0480 20.0391 20.0298 20.0226 20.0159 20.0111 20.0071 20.0045 20.0025 20.0012 20.0000
20.0000 20.0009 20.0019 20.0034 20.0052 20.0078 20.0107 20.0146 20.0186 20.0234 20.0277 20.0325 20.0362 20.0399 20.0421 20.0439 20.0442 20.0439 20.0421 20.0399 20.0362 20.0325 20.0277 20.0234 20.0186 20.0146 20.0107 20.0078 20.0052 20.0035 20.0021 20.0012 20.0005 20.0000
20.0000 20.0004 20.0009 20.0015 20.0025 20.0035 20.0050 20.0066 20.0087 20.0107 20.0129 20.0149 20.0169 20.0183 20.0196 20.0202 20.0205 20.0202 20.0196 20.0183 20.0169 20.0149 20.0129 20.0107 20.0087 20.0066 20.0050 20.0035 20.0025 20.0016 20.0010 20.0005 20.0003 20.0000
20.0000 20.0002 20.0004 20.0007 20.0010 20.0016 20.0022 20.0030 20.0038 20.0048 20.0057 20.0066 20.0074 20.0082 20.0086 20.0090 20.0090 20.0090 20.0086 20.0082 20.0074 20.0066 20.0057 20.0048 20.0038 20.0030 20.0022 20.0016 20.0011 20.0007 20.0004 20.0002 20.0001 20.0000
20.0000 20.0001 20.0002 20.0003 20.0005 20.0006 20.0009 20.0012 20.0016 20.0020 20.0024 20.0028 20.0032 20.0034 20.0037 20.0038 20.0039 20.0038 20.0037 20.0034 20.0032 20.0028 20.0024 20.0020 20.0016 20.0012 20.0009 20.0006 20.0005 20.0003 20.0002 20.0001 20.0000 20.0000
20.0000 20.0000 20.0001 20.0001 20.0002 20.0003 20.0004 20.0005 20.0006 20.0008 20.0010 20.0011 20.0013 20.0014 20.0015 20.0015 20.0016 20.0015 20.0015 20.0014 20.0013 20.0011 20.0010 20.0008 20.0006 20.0005 20.0004 20.0003 20.0002 20.0001 20.0001 20.0000 20.0000 20.0000
20.0000 20.0000 20.0000 20.0000 20.0001 20.0001 20.0001 20.0002 20.0003 20.0003 20.0004 20.0004 20.0005 20.0005 20.0006 20.0006 20.0006 20.0006 20.0006 20.0005 20.0005 20.0004 20.0004 20.0003 20.0003 20.0002 20.0001 20.0001 20.0001 20.0000 20.0000 20.0000 20.0000 20.0000
20.0000 20.0000 20.0000 20.0000 20.0000 20.0000 20.0001 20.0001 20.0001 20.0001 20.0001 20.0002 20.0002 20.0002 20.0002 20.0002 20.0002 20.0002 20.0002 20.0002 20.0002 20.0002 20.0001 20.0001 20.0001 20.0001 20.0001 20.0000 20.0000 20.0000 20.0000 20.0000 20.0000 20.0000
20.0000 20.0000 20.0000 20.0000 20.0000 20.0000 20.0000 20.0000 20.0000 20.0000 20.0000 20.0001 20.0001 20.0001 20.0001 20.0001 20.0001 20.0001 20.0001 20.0001 20.0001 20.0001 20.0000 20.0000 20.0000 20.0000 20.0000 20.0000 20.0000 20.0000 20.0000 20.0000 20.0000 20.0000
20.0000 20.0000 20.0000 20.0000 20.0000 20.0000 20.0000 20.0000 20.0000 20.0000 20.0000 20.0000 20.0000 20.0000 20.0000 20.0000 20.0000 20.0000 20.0000 20.0000 20.0000 20.0000 20.0000 20.0000 20.0000 20.0000 20.0000 20.0000 20.0000 20.0000 20.0000 20.0000 20.0000 20.0000
20.0000 20.0000 20.0000 20.0000 20.0000 20.0000 20.0000 20.0000 20.0000 20.0000 20.0000 20.0000 20.0000 20.0000 20.0000 20.0000 20.0000 20.0000 20.0000 20.0000 20.0000 20.0000 20.0000 20.0000 20.0000 20.0000 20.0000 20.0000 20.0000 20.0000 20.0000 20.0000 20.0000 20.0000
20.0000 20.0000 20.0000 20.0000 20.0000 20.0000 20.0000 20.0000 20.0000 20.0000 20.0000 20.0000 20.0000 20.0000 20.0000 20.0000 20.0000 20.0000 20.0000 20.0000 20.0000 20.0000 20.0000 20.0000 20.0000 20.0000 20.0000 20.0000 20.0000 20.0000 20.0000 20.0000 20.0000 20.0000
20.0000 20.0000 20.0000 20.0000 20.0000 20.0000 20.0000 20.0000 20.0000 20.0000 20.0000 20.0000 20.0000 20.0000 20.0000 20.0000 20.0000 20.0000 20.0000 20.0000 20.0000 20.0000 20.0000 20.0000 20.0000 20.0000 20.0000 20.0000 20.0000 20.0000 20.0000 20.0000 20.0000 20.0000
20.0000 20.0000 20.0000 20.0000 20.0000 20.0000 20.0000 20.0000 20.0000 20.0000 20.0000 20.0000 20.0000 20.0000 20.0000 20.0000 20.0000 20.0000 20.0000 20.0000 20.0000 20.0000 20.0000 20.0000 20.0000 20.0000 20.0000 20.0000 20.0000 20.0000 20.0000 20.0000 20.0000 20.0000
20.0000 20.0000 20.0000 20.0000 20.0000 20.0000 20.0000 20.0000 20.0000 20.0000 20.0000 20.0000 20.0000 20.0000 20.0000 20.0000 20.0000 20.0000 20.0000 20.0000 20.0000 20.0000 20.0000 20.0000 20.0000 20.0000 20.0000 20.0000 20.0000 20.0000 20.0000 20.0000 20.0000 20.0000
20.0000 20.0000 20.0000 20.0000 20.0000 20.0000 20.0000 20.0000 20.0000 20.0000 20.0000 20.0000 20.0000 20.0000 20.0000 20.0000 20.0000 20.0000 20.0000 20.0000 20.0000 20.0000 20.0000 20.0000 20.0000 20.0000 20.0000 20.0000 20.0000 20.0000 20.0000 20.0000 20.0000 20.0000
20.0000 20.0000 20.0000 20.0000 20.0000 20.0000 20.0000 20.0000 20.0000 20.0000 20.0000 20.0000 20.0000 20.0000 20.0000 20.0000 20.0000 20.0000 20.0000 20.0000 20.0000 20.0000 20.0000 20.0000 20.0000 20.0000 20.0000 20.0000 20.0000 20.0000 20.0000 20.0000 20.0000 20.0000
20.0000 20.0000 20.0000 20.0000 20.0000 20.0000 20.0000 20.0000 20.0000 20.0000 20.0000 20.0000 20.0000 20.0000 20.0000 20.0000 20.0000 20.0000 20.0000 20.0000 20.0000 20.0000 20.0000 20.0000 20.0000 20.0000 20.0000 20.0000 20.0000 20.0000 20.0000 20.0000 20.0000 20.0000
Execution Time = 0.011049 Seconds