SERIAL RESULTS

=== 1 ===
Temperature Matrix Including Boundary Points
   20    20    20    20   100   100   100   100    20    20    20    20
   20 23.0449 27.7923 38.0503 65.7797 74.2339 74.2339 65.7797 38.0503 27.7923 23.0449    20
   20 24.3908 30.0811 38.6389 50.8462 56.9348 56.9348 50.8462 38.6389 30.0811 24.3908    20
   20 24.4443 29.5155 35.5967 42.0539 45.7487 45.7487 42.0539 35.5967 29.5155 24.4443    20
   20 23.8805 27.9585 32.2045 36.0551 38.2915 38.2915 36.0551 32.2045 27.9585 23.8805    20
   20 23.1308 26.256 29.2389 31.708 33.1116 33.1116 31.708 29.2389 26.256 23.1308    20
   20 22.3992 24.72 26.8211 28.4674 29.3796 29.3796 28.4674 26.8211 24.72 22.3992    20
   20 21.7587 23.4279 24.8919 26.0015 26.6042 26.6042 26.0015 24.8919 23.4279 21.7587    20
   20 21.2191 22.3633 23.3482 24.08 24.4721 24.4721 24.08 23.3482 22.3633 21.2191    20
   20 20.764 21.4766 22.0833 22.529 22.766 22.766 22.529 22.0833 21.4766 20.764    20
   20 20.3673 20.7087 20.9979 21.2091 21.3208 21.3208 21.2091 20.9979 20.7087 20.3673    20
   20    20    20    20    20    20    20    20    20    20    20    20
Execution Time = 4.3e-05 Seconds

=== 2 ===
Temperature Matrix Including Boundary Points
   20    20    20    20   100   100   100   100    20    20    20    20
   20 23.0449 27.7923 38.0503 65.7797 74.2339 74.2339 65.7797 38.0503 27.7923 23.0449    20
   20 24.3908 30.0811 38.6389 50.8462 56.9348 56.9348 50.8462 38.6389 30.0811 24.3908    20
   20 24.4443 29.5155 35.5967 42.0539 45.7487 45.7487 42.0539 35.5967 29.5155 24.4443    20
   20 23.8805 27.9585 32.2045 36.0551 38.2915 38.2915 36.0551 32.2045 27.9585 23.8805    20
   20 23.1308 26.256 29.2389 31.708 33.1116 33.1116 31.708 29.2389 26.256 23.1308    20
   20 22.3992 24.72 26.8211 28.4674 29.3796 29.3796 28.4674 26.8211 24.72 22.3992    20
   20 21.7587 23.4279 24.8919 26.0015 26.6042 26.6042 26.0015 24.8919 23.4279 21.7587    20
   20 21.2191 22.3633 23.3482 24.08 24.4721 24.4721 24.08 23.3482 22.3633 21.2191    20
   20 20.764 21.4766 22.0833 22.529 22.766 22.766 22.529 22.0833 21.4766 20.764    20
   20 20.3673 20.7087 20.9979 21.2091 21.3208 21.3208 21.2091 20.9979 20.7087 20.3673    20
   20    20    20    20    20    20    20    20    20    20    20    20
Execution Time = 3e-05 Seconds


=== 3 ===
Temperature Matrix Including Boundary Points
   20    20    20    20   100   100   100   100    20    20    20    20
   20 23.0449 27.7923 38.0503 65.7797 74.2339 74.2339 65.7797 38.0503 27.7923 23.0449    20
   20 24.3908 30.0811 38.6389 50.8462 56.9348 56.9348 50.8462 38.6389 30.0811 24.3908    20
   20 24.4443 29.5155 35.5967 42.0539 45.7487 45.7487 42.0539 35.5967 29.5155 24.4443    20
   20 23.8805 27.9585 32.2045 36.0551 38.2915 38.2915 36.0551 32.2045 27.9585 23.8805    20
   20 23.1308 26.256 29.2389 31.708 33.1116 33.1116 31.708 29.2389 26.256 23.1308    20
   20 22.3992 24.72 26.8211 28.4674 29.3796 29.3796 28.4674 26.8211 24.72 22.3992    20
   20 21.7587 23.4279 24.8919 26.0015 26.6042 26.6042 26.0015 24.8919 23.4279 21.7587    20
   20 21.2191 22.3633 23.3482 24.08 24.4721 24.4721 24.08 23.3482 22.3633 21.2191    20
   20 20.764 21.4766 22.0833 22.529 22.766 22.766 22.529 22.0833 21.4766 20.764    20
   20 20.3673 20.7087 20.9979 21.2091 21.3208 21.3208 21.2091 20.9979 20.7087 20.3673    20
   20    20    20    20    20    20    20    20    20    20    20    20
Execution Time = 3.1e-05 Seconds


=== 4 ===
Temperature Matrix Including Boundary Points
   20    20    20    20   100   100   100   100    20    20    20    20
   20 23.0449 27.7923 38.0503 65.7797 74.2339 74.2339 65.7797 38.0503 27.7923 23.0449    20
   20 24.3908 30.0811 38.6389 50.8462 56.9348 56.9348 50.8462 38.6389 30.0811 24.3908    20
   20 24.4443 29.5155 35.5967 42.0539 45.7487 45.7487 42.0539 35.5967 29.5155 24.4443    20
   20 23.8805 27.9585 32.2045 36.0551 38.2915 38.2915 36.0551 32.2045 27.9585 23.8805    20
   20 23.1308 26.256 29.2389 31.708 33.1116 33.1116 31.708 29.2389 26.256 23.1308    20
   20 22.3992 24.72 26.8211 28.4674 29.3796 29.3796 28.4674 26.8211 24.72 22.3992    20
   20 21.7587 23.4279 24.8919 26.0015 26.6042 26.6042 26.0015 24.8919 23.4279 21.7587    20
   20 21.2191 22.3633 23.3482 24.08 24.4721 24.4721 24.08 23.3482 22.3633 21.2191    20
   20 20.764 21.4766 22.0833 22.529 22.766 22.766 22.529 22.0833 21.4766 20.764    20
   20 20.3673 20.7087 20.9979 21.2091 21.3208 21.3208 21.2091 20.9979 20.7087 20.3673    20
   20    20    20    20    20    20    20    20    20    20    20    20
Execution Time = 3e-05 Seconds


MPI Results


=== 1 ===

Queue submit command:
[dmc5:7157] *** An error occurred in MPI_Send
[dmc5:7157] *** reported by process [705298434,0]
[dmc5:7157] *** on communicator MPI_COMM_WORLD
[dmc5:7157] *** MPI_ERR_RANK: invalid rank
[dmc5:7157] *** MPI_ERRORS_ARE_FATAL (processes in this communicator will now abort,
[dmc5:7157] ***    and potentially your MPI job)
srun: Job step aborted: Waiting up to 32 seconds for job step to finish.
slurmstepd: error: *** STEP 535050.1 ON dmc5 CANCELLED AT 2020-11-02T22:26:26 ***
srun: error: dmc5: task 0: Exited with exit code 6
srun: Terminating job step 535050.1


=== 2 ===

Temperature Matrix Including Boundary Points
   20    20    20    20   100   100   100   100    20    20    20    20
   20 23.0449 27.7923 38.0503 65.7797 74.2339 74.2339 65.7797 38.0503 27.7923 23.0449    20
   20 24.3908 30.0811 38.6389 50.8462 56.9348 56.9348 50.8462 38.6389 30.0811 24.3908    20
   20 24.4443 29.5155 35.5967 42.0539 45.7487 45.7487 42.0539 35.5967 29.5155 24.4443    20
   20 23.8805 27.9585 32.2045 36.0551 38.2915 38.2915 36.0551 32.2045 27.9585 23.8805    20
   20 23.1308 26.256 29.2389 31.708 33.1116 33.1116 31.708 29.2389 26.256 23.1308    20
   20 22.3992 24.72 26.8211 28.4674 29.3796 29.3796 28.4674 26.8211 24.72 22.3992    20
   20 21.7587 23.4279 24.8919 26.0015 26.6042 26.6042 26.0015 24.8919 23.4279 21.7587    20
   20 21.2191 22.3633 23.3482 24.08 24.4721 24.4721 24.08 23.3482 22.3633 21.2191    20
   20 20.764 21.4766 22.0833 22.529 22.766 22.766 22.529 22.0833 21.4766 20.764    20
   20 20.3673 20.7087 20.9979 21.2091 21.3208 21.3208 21.2091 20.9979 20.7087 20.3673    20
   20    20    20    20    20    20    20    20    20    20    20    20
Execution Time = 0.000277996 Seconds

=== 3 ===

[dmc5:13224] *** An error occurred in MPI_Send
[dmc5:13224] *** reported by process [705429506,2]
[dmc5:13224] *** on communicator MPI_COMM_WORLD
[dmc5:13224] *** MPI_ERR_RANK: invalid rank
[dmc5:13224] *** MPI_ERRORS_ARE_FATAL (processes in this communicator will now abort,
[dmc5:13224] ***    and potentially your MPI job)
srun: Job step aborted: Waiting up to 32 seconds for job step to finish.
slurmstepd: error: *** STEP 535052.1 ON dmc5 CANCELLED AT 2020-11-02T22:34:47 ***
srun: error: dmc5: tasks 0-1: Killed
srun: Terminating job step 535052.1
srun: error: dmc5: task 2: Exited with exit code 6

=== 4 ===

Temperature Matrix Including Boundary Points
   20    20    20    20   100   100   100   100    20    20    20    20
   20 23.0187 27.742 37.98 65.695 74.1417 74.1417 65.695 37.98 27.742 23.0187    20
   20 24.335 29.9738 38.489 50.6657 56.7383 56.7383 50.6657 38.489 29.9738 24.335    20
   20 24.3517 29.3377 35.348 41.7543 45.4227 45.4227 41.7543 35.348 29.3377 24.3517    20
   20 23.7398 27.6884 31.8266 35.5998 37.7958 37.7958 35.5998 31.8266 27.6884 23.7398    20
   20 22.9258 25.8622 28.6878 31.0438 32.3882 32.3882 31.0438 28.6878 25.8622 22.9258    20
   20 22.1077 24.1597 26.0362 27.5207 28.3483 28.3483 27.5207 26.0362 24.1597 22.1077    20
   20 21.3512 22.6439 23.7921 24.6735 25.1563 25.1563 24.6735 23.7921 22.6439 21.3512    20
   20 20.6574 21.2808 21.8264 22.2387 22.4623 22.4623 22.2387 21.8264 21.2808 20.6574    20
   20    20    20    20    20    20    20    20    20    20    20    20
Execution Time = 0.000491858 Seconds
